S(:,1) = 	[0, 0, -1, 0, 0, 0, -1, 0, -1, 0, 0, 0, 0, 0, 0, 0, 0, 0, -1, 0, -1,	    0, 0, 0, -1, 0, -1]	;
S(:,2) = 	[0, -1, 0, 1, 0, 1, 0, -1, -1, -1, 0, -1, 0, -1, 1, -1, -1, 0, 0,	    1, 1, -1, -1, 0, 1, 0, -1]	;
S(:,3) = 	[0, 1, 1, 1, -1, 0, -1, 0, -1, 0, -1, -1, -1, 0, 1, 1, -1, -2, 0,	    0, 0, 0, 1, -1, 0, 1, -1]	;
S(:,4) = 	[0, 0, 0, 0, 0, 0, -2, 0, 0, 0, -1, -1, 0, 0, 0, 0, -1, -1, 0, 1,	    -1, 0, 0, 0, 0, 1, -1]	;
S(:,5) = 	[0, 0, 1, 1, -1, 0, 0, -1, -1, -1, 0, -1, 0, -1, 1, -1, -1, 0, 0,	    0, 0, -1, 0, 1, 1, 0, -1]	;
S(:,6) = 	[0, 1, 1, 0, 0, 0, 0, -1, -1, 0, -1, -1, 2, -1, -1, -2, 0, 0, 0, 0,	    0, 0, 1, -1, 0, 1, -1]	;
S(:,7) = 	[0, 0, 0, 0, 1, 1, 0, -1, -1, 0, -2, -2, 2, 0, 0, -2, 0, 0, 0, 0,	    0, 0, 1, -1, 0, 1, -1]	;
S(:,8) = 	[0, 0, 0, 1, 1, 0, -1, -1, 0, 0, -2, 0, 1, 0, -1, -1, 0, -1, 0, 0,	    -2, 0, 1, 1, 0, 1, -1]	;
S(:,9) = 	[0, 0, 0, 0, 1, 1, 0, -1, -1, 0, 0, 0, 0, -2, 0, 0, 0, -2, 0, 0, 0,	    0, 1, -1, 0, 1, -1]	;
S(:,10) = 	[0, 0, 0, 1, 0, 1, -1, 0, -1, 0, 0, 0, 1, -1, -2, -1, -1, 0, 0, 0,	    0, 0, 1, -1, 0, 1, -1]	;
S(:,11) = 	[0, 1, 0, 0, 1, 1, -1, 0, -1, 0, -1, -1, 0, -1, 1, 0, -2, 0, -1, 0,	    -1, 0, 0, 2, -1, 2, -1]	;
S(:,12) = 	[0, 1, 0, 0, 1, 1, -1, 0, -1, 0, -1, -1, 0, 1, -1, 0, 0, -2, -1, 0,	    -1, 0, 0, 2, -1, 2, -1]	;
S(:,13) = 	[0, 1, 0, 0, 1, 1, -1, 0, -1, -1, 0, -1, -1, 0, 1, 0, -2, 0, -2, 1,	    -1, -1, 1, 2, -1, 2, -1]	;
S(:,14) = 	[0, 0, 0, 0, 1, 1, 0, -1, -1, 0, -1, -1, 0, -1, 1, -2, 0, 0, 0, 1,	    1, -2, 0, 0, 0, 1, -1]	;
S(:,15) = 	[0, 2, 0, 0, 0, 0, 0, -2, -2, 0, -1, -1, -1, 2, -1, -1, 1, -2, 0,	    -1, -1, 1, -2, 1, -1, 1, -2]	;
S(:,16) = 	[0, -1, 1, 1, 1, 0, -1, 0, -1, -1, -1, 0, 1, 0, -1, 0, -1, -1, -1,	    0, -1, 0, 1, 1, 1, 1, -2]	;
S(:,17) = 	[0, 0, 0, 2, -1, 1, -2, -1, -1, -2, 0, -2, 1, -2, 1, -1, -2, -1, 0,	    0, -2, -1, 1, 2, 1, 1, -2]	;
S(:,18) = 	[0, 0, 0, 0, 2, 0, 0, 0, -2, 0, 0, 0, 0, -1, -1, 0, -1, -1, 0, 0,	    0, 0, -1, 1, 0, 1, -1]	;
S(:,19) = 	[0, 0, 0, 0, 0, 2, 0, 0, -2, 0, 0, 0, 0, -1, -1, 0, -1, -1, 0, 0,	    0, 0, 1, -1, 0, 1, -1]	;
S(:,20) = 	[0, 0, 0, 0, 1, 1, 0, -1, -1, 0, 0, 0, 0, 0, -2, 0, 0, -2, 0, 0, 0,	    0, -1, 1, 0, 1, -1]	;
S(:,21) = 	[0, 2, 0, 0, 1, 1, 0, -1, -1, 0, -1, -1, 1, -2, 1, 1, -3, 0, 0, -1,	    -1, 1, -1, 2, -1, 2, -1]	;
S(:,22) = 	[0, 0, 0, 0, 0, 0, 0, 0, 0, 0, 0, 0, 0, 1, -1, 0, -3, -1, 0, 0, 0,	    0, 1, -1, 0, 1, -1]	;
S(:,23) = 	[0, 0, 0, 0, 1, 1, 0, -1, -1, 0, 0, 0, -2, 0, 0, -2, 0, 0, 0, 0, 0,	    0, -1, 1, 0, 1, -1]	;
S(:,24) = 	[0, 3, -1, 0, 1, 1, 0, -2, -2, 0, -1, -1, -2, 3, -1, -2, 2, -2, 0,	    -2, -2, 2, -2, 2, -2, 2, -2]	;
S(:,25) = 	[0, -1, -1, 1, 2, 1, -1, -1, -2, 0, 0, 0, -1, -2, -1, -1, -2, -1,	    0, 1, -1, 0, -2, 2, 0, 1, -1]	;
S(:,26) = 	[0, 1, 0, 1, 1, 0, 0, 0, -2, -1, -1, 0, -1, 1, 0, 0, 0, -2, 0, 0,	    -2, 0, 0, 2, -2, 2, 0]	;
S(:,27) = 	[0, 0, 0, -1, 1, 2, -1, -1, -2, 0, -1, -1, 1, -1, -2, -1, -2, -1,	    0, 1, -1, 0, 2, -2, 0, 1, -1]	;
S(:,28) = 	[0, 2, 0, 0, 1, 1, -2, 1, -1, 0, -1, -1, -1, 2, -1, 1, -1, -2, -2,	    1, -1, -1, 1, 2, -1, 2, -1]	;
S(:,29) = 	[0, 0, 0, 0, 1, 1, 0, -1, -1, 0, -1, 1, -1, -1, 0, -1, 0, -1, 0, 1,	    -1, -1, 0, 1, -1, 1, 0]	;
S(:,30) = 	[0, 0, -1, 0, 0, 0, 1, 0, -1, 0, 1, 1, 1, -2, 1, -1, -1, -4, -1, -1,	    0, -1, 2, -1, 0, 1, -3]	;
S(:,31) = 	[0, 0, 0, 0, 0, 0, 0, 0, 0, -1, -1, 0, 1, -1, 0, 0, 0, -2, 1, 1, 0,	    -1, 1, 0, 0, 0, -2]	;
S(:,32) = 	[0, 0, 0, 0, 0, 0, 0, 0, 0, 0, 0, 0, 0, 0, -1, 0, 0, -1, 0, 0, 0,	    0, 1, 0, 0, -1, 0]	;
S(:,33) = 	[0, 0, 0, 0, 0, 0, 0, 0, 0, 0, 0, 0, 0, -1, 0, 0, 0, -1, 0, 0, 0,	    0, 0, 1, 0, -1, 0]	;
S(:,34) = 	[0, 0, 0, 1, 0, -1, -1, 0, -1, -1, -1, 0, 0, 2, 0, -1, -1, -2, -1,	    1, 0, 1, -2, -1, 0, 1, -3]	;
S(:,35) = 	[0, 0, 0, 0, 1, -1, -2, -1, -1, -2, -1, -1, -1, 3, 0, -1, -2, -3,	    0, 1, -1, 1, -2, -1, 1, 1, -4]	;
S(:,36) = 	[0, 1, -1, 1, -1, 0, -1, 0, -1, -1, 0, -1, 1, -1, 2, 0, -3, -1, -1,	    1, 0, 0, -2, 0, -1, 1, -2]	;
S(:,37) = 	[0, 0, 0, 0, -1, 1, 0, -1, -1, -1, 0, 1, -1, -1, 2, 0, -3, -1, -1,	    0, -1, 1, -2, 1, 0, 0, -2]	;
S(:,38) = 	[0, 0, 0, 2, -1, -1, 0, -1, -1, 0, -1, -1, -1, 1, 2, -1, -2, -1, 0,	    1, -1, -1, -2, 1, -1, 1, -2]	;
S(:,39) = 	[0, 0, 0, 1, 0, -1, -1, 0, -1, 0, -1, -1, -1, 1, 1, -1, -1, -1, 0,	    1, -1, -1, -1, 1, -1, 1, -1]	;
S(:,40) = 	[0, -1, -1, 1, 1, 0, -1, 0, -1, 0, 0, 0, -2, 0, 0, -2, -2, -2, 0,	    1, -1, -1, -1, 2, -1, 2, -1]	;
S(:,41) = 	[0, 1, -1, -1, 1, 0, -1, 0, -1, -1, 0, -1, -2, 2, -2, -1, -2, -1,	    -1, 1, 0, -1, 1, 2, -2, 0, 0]	;
S(:,42) = 	[0, 0, 0, -1, 0, 1, -1, 0, -1, -1, -1, 0, -1, -1, 1, -1, -1, -1, -1,	    1, 0, -1, 1, 1, -1, 1, -1]	;
S(:,43) = 	[0, -1, -1, 0, 0, 0, 0, -1, 1, 0, -1, 1, -1, -2, -1, -1, -1, -2, 0,	    0, 0, 1, 2, 1, -1, 0, -3]	;
S(:,44) = 	[0, 1, 1, 0, 0, 2, 0, 1, -1, 1, 1, 0, 0, -1, -3, 1, -2, -1, -1, 0,	    1, -2, 3, 1, 1, 1, -4]	;
S(:,45) = 	[0, 0, 0, 1, 2, -1, -3, 2, 1, 3, -1, -2, -1, -4, 1, 2, -3, -3, -1,	    1, -2, 2, 2, 2, -1, 1, -4]	;
S(:,46) = 	[0, 0, 0, 2, -1, 1, -2, -1, 1, 0, -2, 2, -2, 2, -2, -2, -2, 2, 0,	    -2, -2, 0, 3, 1, 0, -1, -3]	;
